2019797635
2019797636
2019797643
2019797645
2020484651
2038338260
2038338275
2038338281
2038338309
2038338321
2049375203
2049375205
2049375206
2049375207
2049375208
2049375211
2049375212
2049375214
2049375216
2049375221
2049375227
2049375228
2049375229
2049375231
2049375232
2049375235
2049375236
2049375239
2049375240
2049375241
2049375250
2049375252
2049375359
2049375362
2049375363
2049375364
2049375367
2049375368
2049375376
2049375378
2049375379
2049375380
2049375381
2049375382
2049375396
2049375398
2049375399
2049375402
2049375407
2049375416
2049375420
2049375427
2049375429
2049375431
2049375432
2049375438
2049375441
2049375446
2049375447
2049375449
2049375450
2049375451
2049375453
2049375455
2049375456
2049375457
2104479859
2104480018
2116903498
2117275776
2117573761
2117904110
2118200570
2118673756
2118909681
2121798583
2124659162
2124976016
2125451810
2126513331
2126550985
2127048775
2132041263
2132041288
2132041304
2132041310
2132041328
2132041331
2132041453
2132041464
2132041481
2132282216
2132282228
2132282248
2132282260
2132282279
2132282300
2132282632
2132282647
2132282674
2132282688
2132282815
2132282834
2132282836
2132282843
2132282858
2132282876
2132287996
2132288018
2132288019
2132288073
2132288077
2132288083
2132288086
2132288261
2132288282
2133711046
2133865837
2134409492
2134658333
2135088363
2168714892
2169084623
2169307494
2169520382
2169739367
2172671785
2172671786
2172777811
2172777812
2172777813
2172798986
2173050108
2180671106
2180685192
2190346773
2190569111
2191142952
2191381361
2192382700
2192744245
2192942612
2193151523
2193346551
2193794404
2194022486
2194320982
2194592546
2194824872
2195090893
2195348651
2195348675
2195348680
2195348695
2196697988
2196928033
2196973272
2197217120
2199153267
2199479090
2199644663
2199916996
2200409079
2201029498
2201840881
2201840915
2202035477
2202371714
2202845893
2202869743
2203177702
2203367827
2203757368
2203931370
2205132575
2206512003
2265495191
2273264210
2286761781
2286761782
2287196296
2287196297
2287196298
2287252103
2287420880
2287469126
2287705441
2287873965
2287873966
2287873967
2290140513
2291530344
2311637710
2311637714
2311637715
2311637716
2311637734
2311637735
2311637738
2311637739
2311637742
2311637744
2311637745
2311637747
2311637754
2311637761
2311637762
2311637781
2311637782
2311637783
2311637785
2311637794
2311637800
2317242033
2319540756
2319720967
2319720974
2319720976
2319721037
2319721048
2319721057
2319721087
2319721102
2319721126
2319721155
2319721166
2319721169
2319721188
2319721201
2319721235
2319721239
2319721262
2319721267
2319721268
2320917785
2321060648
2321072547
2321297091
2321297094
2321634565
2321634611
2321634644
2321634715
2321634718
2321634735
2321634736
2321634759
2321634767
2321634816
2321634835
2321634843
2321634855
2321634856
2321634859
2321643103
2321643110
2321643117
2321643120
2321643123
2321643124
2321643135
2321643146
2321643152
2321643155
2321643156
2321643161
2321643166
2321659613
2321954068
2322951125
2322951126
2322951127
2322951128
2322951129
2322951131
2322951132
2322951133
2322951134
2322951136
2322951137
2322951139
2322951140
2322951143
2322951144
2322951146
2322951147
2322951148
2322951150
2322951151
2322951158
2322951159
2322951160
2322951161
2322951162
2322951163
2322951166
2322951170
2322951171
2322951172
2322951173
2322951174
2322951175
2322951176
2322951177
2322951184
2322955181
2322955182
2322955187
2322955192
2322955193
2322955195
2322955197
2322955198
2322955199
2322955200
2322955201
2322955203
2322955205
2322955208
2322955209
2322955211
2322955213
2322955214
2322955215
2322955216
2322955217
2322955218
2322955219
2322955220
2322955221
2322955222
2322955225
2322955227
2322955228
2322955230
2322955231
2322955233
2322955238
2322955240
2322955241
2322955243
2322955245
2322955246
2322955249
2322955250
2322955251
2322955252
2322955253
2322955254
2322955255
2322955256
2322955257
2322955258
2322955259
2322955260
2322955261
2322955262
2322955263
2322955265
2322955266
2322955267
2322955268
2322955271
2322955274
2322955275
2322955276
2322955278
2322959972
2322959973
2322959974
2322959975
2322959976
2322959981
2322959982
2322959983
2322959984
2322959985
2322959986
2322959988
2322959989
2322959990
2322959991
2322959992
2322959993
2322959994
2322959995
2322959996
2322959997
2322959998
2322959999
2322960000
2322960002
2322960006
2322960007
2322960008
2322960009
2322960010
2322960011
2322960012
2322960014
2322960015
2322960017
2322960018
2322960021
2322960022
2322960024
2322960025
2322960026
2322960027
2322960029
2322960030
2322960033
2322960034
2322960035
2322960036
2322960037
2322960038
2322960041
2322960044
2322960045
2322960046
2322960047
2322960048
2322960054
2322960056
2322960057
2322960058
2322960060
2322960061
2322960062
2322960063
2322960065
2322960066
2322960068
2322960069
2322986510
2324214939
2325116956
2329661138
2329661254
2330759236
2331247171
2335767737
2337586495
2338491474
2339122611
2344823940
2345642918
2345642927
2345642934
2345644286
2345644314
2345645087
2345645094
2345645133
2345645365
2346866930
2347490676
2347883464
2347884509
2347940336
2348338683
2349046515
2349293930
2349293939
2349293949
2349293950
2349375350
2349438738
2349438791
2349438807
2349510490
2349510496
2349594501
2351200106
2351510961
2351510962
2352984540
2353481589
2360212158
2360212161
2360212163
2360212167
2360212171
2360212173
2360212176
2360212177
2360212186
2360212188
2360212191
2360212194
2360212195
2360212196
2360212198
2360212204
2360212206
2360212210
2360212211
2360212213
2360212215
2360212219
2360212228
2360212229
2360212230
2360212233
2360212235
2360212237
2360212241
2360212252
2360212256
2360220772
2360220777
2360220783
2360220785
2360220791
2360220796
2360220797
2360220803
2360220805
2360220809
2360220811
2360220815
2360220816
2360220821
2360220823
2360220825
2360220827
2360220828
2360220834
2360220835
2360220837
2360220840
2360220841
2360220844
2360220850
2360220851
2360220856
2360220859
2360220860
2360220864
2360419866
2360419867
2360419868
2360419869
2360419880
2360419881
2360419882
2360419887
2360419889
2360419890
2360419891
2360419893
2360419897
2360419898
2360419901
2360419904
2360419905
2360419907
2360419909
2360419917
2360419918
2360419919
2360419934
2360419935
2360419941
2360419946
2360419948
2360419952
2360419957
2360419958
2360445687
2360445691
2360445692
2360445695
2360445696
2360445698
2360445699
2360445701
2360445705
2360445710
2360445714
2360445717
2360445721
2360445722
2360445723
2360445725
2360604054
2360604057
2360604059
2360604063
2360604065
2360604066
2360604074
2360604079
2360604081
2360604086
2360604087
2360604102
2360604106
2360604112
2360604116
2360604117
2360604121
2360604122
2360604125
2360604126
2360604139
2360604143
2360604148
2360604150
2360604152
2370942450
2371443433
2372938615
2372938620
2372938624
2372938627
2372938641
2372938653
2372938680
2372938688
2372938694
2372938696
2372938700
2372938708
2372938711
2372938856
2372938857
2372938861
2372938863
2372938866
2372938873
2372938878
2372938883
2372938891
2372938905
2372938907
2372938908
2372938910
2372938911
2372938913
2372938919
2372938921
2372938925
2372938937
2372938941
2372938943
2372938945
2372938980
2372938981
2372938997
2372938999
2372939007
2372939009
2372939020
2372939030
2373043952
2374018491
2374781239
2376002227
2376470768
2376470769
2376470770
2376470771
2376470772
2376478108
2376478109
2376478110
2376478111
2376478112
2376478113
2376478114
2376478115
2376478116
2376478117
2376478118
2376478119
2376478120
2376478121
2376478122
2376478123
2376478124
2376478125
2376478126
2376478127
2376478128
2376478129
2376478130
2376478131
2376478132
2376478133
2376478134
2376478135
2376478136
2376478137
2376478138
2376478139
2376478140
2376478141
2376478142
2376478143
2376478144
2376478145
2376478146
2376478147
2376478148
2376478149
2376478150
2376478151
2376478152
2376478153
2376478154
2376478155
2376478156
2376478157
2376478158
2376478159
2376478160
2376478161
2376478162
2376478163
2376478164
2376478165
2376478166
2376478167
2376478168
2376478169
2376478170
2376478171
2376478172
2376478173
2376478174
2376478175
2376478176
2376478177
2376478178
2376478179
2376478180
2376478181
2376478182
2376478183
2376478184
2376478185
2376478186
2376478187
2376478188
2376478189
2376478190
2376478191
2376478192
2376478193
2376478194
2376478195
2376478196
2376478197
2376478198
2376478199
2376478200
2376478201
2376478202
2376478203
2376478204
2376478205
2376478206
2377553148
2378532350
2378532351
2378532352
2378532353
2378532354
2378532355
2378532356
2378532357
2378532358
2378532359
2378532360
2378532361
2378532362
2378532363
2378532364
2378532365
2378532366
2378532367
2378532368
2378532369
2378532370
2378532371
2378532372
2378532373
2378532374
2378532375
2378532376
2378532377
2378532378
2378532379
2378532380
2378532381
2378532382
2378532383
2378532384
2378532385
2378532386
2378532387
2378532388
2378532389
2378532390
2378532391
2378532392
2378532393
2378532394
2378532395
2378532396
2378532397
2378532398
2378532399
2378532400
2378532401
2378532402
2378532403
2378666351
2379199599
2379442053
2380021474
2380458375
2381156419
2381392394
2381392395
2381392396
2381392397
2381392398
2381392399
2381392400
2381392401
2381392402
2381392403
2381392404
2381392405
2381392406
2381392407
2381392408
2381392409
2381621986
2381621987
2381621988
2381621989
2381621990
2381621991
2381621992
2381621993
2381621994
2381621995
2381621996
2381621997
2381621998
2381621999
2381622000
2381622001
2381622002
2381622003
2381622004
2381622005
2381622006
2381622007
2381622008
2381622009
2381622010
2381622011
2381622012
2381622013
2381622014
2381622015
2381622016
2381622017
2381622018
2381622019
2381622020
2381622021
2381622022
2381622023
2381622024
2381622025
2381622026
2381622027
2381622028
2381622029
2381622030
2381622031
2381622032
2381622033
2381622034
2381622035
2381622036
2381622037
2381622038
2381622039
2381622040
2381622041
2381622042
2381622043
2381622044
2381622045
2381622046
2381622047
2381622048
2381622049
2381622050
2381622051
2381622052
2381622053
2381622054
2381622055
2381622056
2381622057
2381622058
2381622059
2381622060
2381622061
2381622062
2381622063
2381622064
2381622065
2381622066
2381622067
2381622068
2381622069
2381622070
2381622071
2381623774
2381623775
2381623776
2381623777
2381623778
2381623779
2381623780
2381623781
2381623782
2381623783
2381623784
2381623785
2381623786
2381623787
2381623788
2381623789
2381623790
2381623791
2381623792
2381623793
2381623794
2381623795
2381623796
2381623797
2381623798
2381623799
2381623800
2381623801
2381623802
2381623803
2381623804
2381623805
2381623806
2381623807
2381623808
2381623809
2381623810
2381623811
2381623812
2381623813
2381623814
2381623815
2381623816
2381623817
2381623818
2381623819
2381623820
2381623821
2381623822
2381623823
2381623824
2381623825
2381623826
2381623827
2381623828
2381623829
2381623830
2381623831
2381623832
2381623833
2381623834
2381623835
2381623836
2381623837
2381623838
2381623839
2381623840
2381623841
2381623842
2381623843
2381623844
2381623845
2381623846
2381623847
2381623848
2381623849
2381623850
2381623851
2381623852
2381623853
2381623854
2381623855
2381623856
2381623857
2381623858
2381623859
2381623860
2381623861
2381623862
2381623863
2381623864
2381623865
2381623866
2381623867
2381623868
2381623869
2381623870
2381623871
2381623872
2381623873
2381771989
2381807771
2381807772
2381807773
2381807774
2381807775
2381807776
2381807777
2381807778
2381807779
2381807780
2381807781
2381807782
2381807783
2381807784
2381807785
2381807786
2381807787
2381807788
2381807789
2381807790
2381807791
2381807792
2381807793
2381807794
2381807795
2381807796
2381807797
2381807798
2381807799
2381807800
2381807801
2381807802
2381807803
2381807804
2381807805
2381807806
2381807807
2381807808
2381807809
2381807810
2381807811
2381807812
2381807813
2381807814
2381807815
2381807816
2381807817
2381807818
2381807819
2381807820
2381807821
2381807822
2381807823
2381807824
2381807825
2381807826
2381807827
2381807828
2381807829
2381807830
2381807831
2381807832
2381807833
2381807834
2381807835
2381807836
2381807837
2381807838
2381807839
2381807840
2381807841
2381807842
2381807843
2381807844
2381807845
2381807846
2381807847
2381807848
2381807849
2381807850
2381807851
2381807852
2381807853
2381807854
2381807855
2381807856
2381807857
2381807858
2381807859
2381807860
2381807861
2381807862
2381807863
2381807864
2381807865
2381807866
2381807867
2381807868
2381807869
2381807870
2381819722
2381819723
2381819724
2381819725
2381819726
2381819727
2381819728
2381819729
2381819730
2381819731
2381819732
2381819733
2381819734
2381819735
2381819736
2381819737
2381819738
2381819739
2381819740
2381819741
2381819742
2381819743
2381819744
2381819745
2381819746
2381819747
2381819748
2381819749
2381819750
2381819751
2381819752
2381819753
2381819754
2381819755
2381819756
2381819757
2381819758
2381819759
2381819760
2381819761
2381819762
2381819763
2381819764
2381819765
2381819766
2381819767
2381819768
2381819769
2381819770
2381819771
2381819772
2381819773
2381819774
2381819775
2381819776
2381819777
2381819778
2381819779
2381819780
2381819781
2381819782
2381819783
2381819784
2381819785
2381819786
2381819787
2381819788
2381819789
2381819790
2381819791
2381819792
2381819793
2381819794
2381819795
2381819796
2381819797
2381819798
2381819799
2381819800
2381819801
2381819802
2381819803
2381819804
2381819805
2381819806
2381819807
2381819808
2381819809
2381819810
2381819811
2381819812
2381819813
2381819814
2381819815
2381819816
2381819817
2381819818
2381819819
2381819820
2382213565
2382588667
2383034381
2383557368
2384190592
2384324728
2384872334
2385344679
2385344680
2385344681
2385344682
2385344683
2385344684
2385344685
2385344686
2385344687
2385344688
2385344689
2385344690
2385344691
2385344692
2385344693
2385344694
2385344695
2385344696
2385344697
2385344698
2385344699
2385344700
2385344701
2385344702
2385344703
2385344704
2385344705
2385344706
2385344707
2385344708
2385344709
2385344710
2385344711
2385344712
2385344713
2385344714
2385344715
2385344716
2385344717
2385344718
2385344719
2385344720
2385344721
2385344722
2385344723
2385344724
2385344725
2385344726
2385344727
2385344728
2385344729
2385344730
2385344731
2385344732
2385344733
2385344734
2385344735
2385344736
2385344737
2385344738
2385344739
2385344740
2385344741
2385344742
2385344743
2385344744
2385346282
2385346283
2385346284
2385346285
2385346286
2385346287
2385346288
2385346289
2385346290
2385346291
2385346292
2385346293
2385346294
2385346295
2385346296
2385346297
2385346298
2385346299
2385346300
2385346301
2385346302
2385346303
2385346304
2385346305
2385346306
2385346307
2385346308
2385346309
2385346310
2385346311
2385346312
2385346313
2385346314
2385346315
2385346316
2385346317
2385346318
2385346319
2385346320
2385346321
2385346322
2385346323
2385346324
2385346325
2385346326
2385346327
2385346328
2385346329
2385346330
2385346331
2385346332
2385346333
2385346334
2385346335
2385346336
2385346337
2385346338
2385346339
2385346340
2385346341
2385346342
2385346343
2385346344
2385346345
2385346346
2385346347
2385346348
2385346349
2385346350
2385346351
2385346352
2385346353
2385346354
2385346355
2385346356
2385346357
2385346358
2385346359
2385346360
2385346361
2385346362
2385346363
2385346364
2385346365
2385346366
2385346367
2385346368
2385346369
2385346370
2385346371
2385346372
2385346373
2385346374
2385346375
2385346376
2385346377
2385346378
2385346379
2385346380
2385346381
2385351856
2385351857
2385351858
2385351859
2385351860
2385351861
2385351862
2385351863
2385351864
2385351865
2385351866
2385351867
2385351868
2385351869
2385351870
2385351871
2385351872
2385351873
2385351874
2385351875
2385351876
2385351877
2385351878
2385351879
2385351880
2385351881
2385351882
2385351883
2385351884
2385351885
2385351886
2385351887
2385351888
2385351889
2385351890
2385351891
2385351892
2385351893
2385351894
2385351895
2385351896
2385351897
2385351898
2385351899
2385351900
2385351901
2385351902
2385351903
2385351904
2385351905
2385351906
2385351907
2385351908
2385351909
2385351910
2385351911
2385351912
2385351913
2385351914
2385351915
2385351916
2385351917
2385351918
2385351919
2385351920
2385351921
2385351922
2385351923
2385351924
2385351925
2385351926
2385351927
2385351928
2385351929
2385351930
2385351931
2385351932
2385351933
2385351934
2385351935
2385351936
2385351937
2385351938
2385351939
2385351940
2385351941
2385351942
2385351943
2385351944
2385351945
2385351946
2385351947
2385351948
2385351949
2385351950
2385351951
2385351952
2385351953
2385351954
2385352761
2385352762
2385352763
2385352764
2385352765
2385352766
2385352767
2385352768
2385352769
2385352770
2385352771
2385352772
2385352773
2385352774
2385352775
2385352776
2385352777
2385352778
2385352779
2385352780
2385352781
2385352782
2385352783
2385352784
2385352785
2385352786
2385352787
2385352788
2385352789
2385352790
2385352791
2385352792
2385352793
2385352794
2385352795
2385352796
2385352797
2385352798
2385352799
2385352800
2385352801
2385352802
2385352803
2385352804
2385352805
2385352806
2385352807
2385352808
2385352809
2385352810
2385352811
2385352812
2385352813
2385352814
2385352815
2385352816
2385352817
2385352818
2385352819
2385352820
2385352821
2385352822
2385352823
2385352824
2385352825
2385352826
2385352827
2385352828
2385352829
2385352830
2385352831
2385352832
2385352833
2385352834
2385352835
2385352836
2385352837
2385352838
2385352839
2385352840
2385352841
2385352842
2385352843
2385352844
2385352845
2385352846
2385352847
2385352848
2385352849
2385352850
2385352851
2385352852
2385352853
2385352854
2385352855
2385352856
2385352857
2385352858
2385352859
2385352860
2385486444
2386037376
2386452808
2387583957
2388243354
2388851223
2389158042
2389158043
2389158044
2389158045
2389158046
2389158047
2389158048
2389158049
2389158050
2389158051
2389158052
2389158053
2389158054
2389158055
2389158056
2389158057
2389158058
2389765516
2390235402
2390473155
2390993985
2391617983
2392832456
2392832457
2392832458
2392832459
2392832460
2392832461
2392832462
2392832463
2392832464
2392832465
2392832466
2392832467
2392832468
2392832469
2392832470
2392832471
2392832472
2392832473
2393568277
2394048030
2394584954
2394936654
2395004698
2395927706
2395927707
2395927708
2395927709
2395927710
2395927711
2395927712
2395927713
2395927714
2395927715
2395927716
2395978124
2397068951
2397068952
2397068953
2397068954
2397068955
2397068956
2397068957
2397068958
2397068959
2397068960
2397068961
2397068962
2397068963
2397068964
2397068965
2397068966
2397068967
2397068968
2397068969
2397068970
2397068971
2397068972
2397068973
2397068974
2397068975
2397068976
2397068977
2397068978
2397068979
2397068980
2397068981
2397068982
2397068983
2397068984
2397068985
2397068986
2397068987
2397068988
2397068989
2397068990
2397068991
2397068992
2397068993
2397068994
2397068995
2397068996
2397068997
2397068998
2397068999
2397069000
2397069001
2397069002
2397069003
2397069004
2397069005
2397069006
2397072167
2397072168
2397072169
2397072170
2397072171
2397072172
2397072173
2397072174
2397072175
2397072176
2397072177
2397072178
2397072179
2397072180
2397072181
2397072182
2397072183
2397072184
2397072185
2397072186
2397072187
2397072188
2397072189
2397072190
2397072191
2397072192
2397072193
2397072194
2397072195
2397072196
2397072197
2397072198
2397072199
2397072200
2397072201
2397072202
2397072203
2397072204
2397072205
2397072206
2397072207
2397072208
2397072209
2397072210
2397072211
2397072212
2397072213
2397072214
2397072215
2397072216
2397072217
2397072218
2397072219
2397072220
2397072221
2397072222
2397072223
2397072224
2397072225
2397072226
2397072227
2397072228
2397072229
2397072230
2397072231
2397072232
2397072233
2397072234
2397072235
2397072236
2397072237
2397072238
2397072239
2397072240
2397072241
2397072242
2397072243
2397072244
2397072245
2397072246
2397072247
2397072248
2397072249
2397072250
2397072251
2397072252
2397072253
2397072254
2397072255
2397072256
2397072257
2397072258
2397072259
2397072260
2397072261
2397072262
2397072263
2397072264
2397072265
2397554985
2398167732
2399200314
2400006856
2400314059
2400314060
2400314061
2400314062
2400314063
2401165531
2401893075
2443197951
2443197952
2443197953
2443197954
2443197955
2443197956
2443197957
2443197958
2443197959
2443197960
2443197961
2443197962
2443197963
2460467796
2460467797
2461463779
2461463780
2461463781
2461463782
2461463783
2461463784
2461463785
2461463786
2461463787
2461463788
2461463789
2461463790
2461463791
2461463792
2461463793
2461463794
2461463795
2461463796
2461463797
2461463798
2461463799
2461463800
2461463801
2461463802
2461463803
2461463804
2461463805
2461463806
2461463807
2461463808
2461463809
2461463810
2461463811
2461463812
2461463813
2461463814
2461463816
2461463817
2461463818
2461463819
2461463820
2461463821
2461463822
2461463823
2461463824
2461463825
2461463826
2461463827
2461463828
2461463829
2461463830
2461463831
2461463832
2461463833
2461463834
2461463835
2461463836
2461463837
2461463838
2461463839
2461463840
2461463841
2461463842
2461463843
2461463844
2461463845
2461463846
2461463847
2461463848
2461463849
2461463850
2461463851
2461463852
2461463853
2461463854
2461463856
2461463857
2461463858
2461463859
2461463860
2461463861
2461463862
2540733199
2540733200
2542941745
2542941746
2542941747
2542941748
2542941749
